   2.0000000e+00   1.4727815e+00  -1.0358547e+00   9.0794741e-01  -2.5707778e-01   7.7238381e-01  -1.9109969e+00   1.2457925e+00  -6.8934667e-01  -8.8280488e-01   8.7073801e-01
   2.0000000e+00  -3.2113140e-01  -6.7915607e-01  -6.8107317e-01   1.7416368e+00  -2.6048972e+00   1.0938914e+00   2.5315250e+00   1.8625246e+00   1.1009523e+00  -1.9322398e+00
   2.0000000e+00  -3.4109924e+00   1.5089422e+00   1.2494246e-01   7.8562143e-01  -3.2924031e-01   2.0444766e+00   7.9867439e-01  -1.1005172e+00  -6.6821591e-01   5.6387560e-01
   2.0000000e+00   1.5447135e+00   3.3563505e-01   7.7846545e-01  -9.3087658e-01   1.7103821e-01  -1.2375265e+00  -1.7068347e-01  -6.4104977e-01   3.4378595e-01   1.9803471e+00
   2.0000000e+00  -7.0460887e-01   1.2090609e+00  -1.0032583e-01   1.6946235e-01  -1.9132799e+00   1.8634579e+00   9.3726215e-01   4.7623921e-01  -1.4649170e+00  -3.5472314e-01
   2.0000000e+00  -7.2749264e-01  -1.1475259e+00   3.5894446e-01   3.2412129e-01   3.3153868e-01  -7.8609460e-01  -1.4976940e+00   3.0447070e-01  -7.6235123e-01  -1.6226421e+00
   1.0000000e+00  -2.7637366e-01   1.7017978e-01  -2.8589508e-01  -1.0665292e+00  -7.2296987e-01   1.9842905e+00   2.0809781e+00   2.9305354e-02  -5.3686714e-01  -1.3109365e-01
   2.0000000e+00   3.2535086e+00   8.3149765e-02   1.2861975e+00  -5.1888945e-01   5.0007985e-01  -2.9174666e-01  -1.1932068e+00   1.1395879e+00  -1.3657097e+00  -5.8799287e-01
   2.0000000e+00  -5.2241773e-01  -2.6460654e-01   9.6104601e-01  -4.5699742e-01   2.7229645e-01   8.4401711e-01   9.7083689e-01  -8.5322469e-01   7.8095969e-01  -1.2609780e+00
   2.0000000e+00   3.3636744e-01   2.8402658e-01  -5.8804879e-03   3.2930057e-01   3.6488821e-02  -1.2775740e+00   2.4644896e+00   1.1965187e+00  -1.9736375e-01  -1.7217065e+00
   2.0000000e+00  -2.8433633e-01   6.5740612e-01  -8.7368663e-01   7.6162342e-01   2.8804917e+00   9.7171075e-01   6.8298812e-01   1.4864648e+00   1.9316742e-01  -5.5470508e-02
   2.0000000e+00  -7.9027580e-01   1.3193829e+00  -3.7964229e-02  -1.5374294e+00  -1.2640788e+00  -2.9548630e-01  -1.2172276e+00  -5.7706994e-01  -1.0659204e+00  -9.3230731e-01
   1.0000000e+00   6.7305617e-01   3.0357907e-01  -2.7184907e-01  -8.4435230e-01  -1.1546770e-01   1.8789123e+00  -5.8397934e-03   3.2499184e-01   1.0044143e+00  -2.3960259e+00
   2.0000000e+00  -2.1832144e-01   1.6698621e+00   2.0805640e-01  -2.5517058e+00   5.5610696e-02  -2.7284227e-01  -9.9586743e-02  -1.4342941e-01  -1.2342231e+00  -5.3500896e-02
   2.0000000e+00   4.5092112e-01  -9.0043235e-01  -1.1598922e+00   4.4227532e-01   1.2857349e+00  -5.5726989e-01   1.2534719e+00  -6.1820570e-01  -1.2451668e+00   2.5178100e+00
   2.0000000e+00   1.7938957e+00   1.4383273e+00  -5.4065165e-01  -8.8150043e-01   1.6382596e-01  -6.2748221e-01   7.5006862e-01   7.9866508e-02  -1.0099577e+00  -7.0603126e-01
   2.0000000e+00  -9.1485104e-01   6.2007308e-02  -5.8623624e-01  -1.7876312e-01   8.1597651e-01  -2.2155902e+00   2.2144949e-01  -5.1176945e-01   4.6376361e-01  -9.7097213e-01
   2.0000000e+00   4.1326276e-01   1.2525556e+00  -2.2124005e-01  -1.0979515e+00  -4.7000138e-01   1.3522110e+00   1.1337006e+00   1.5600192e+00   3.5834067e-01  -6.8361176e-01
   2.0000000e+00   1.6951390e+00  -8.6054412e-01   9.0894391e-01  -5.8530389e-01   9.6505646e-01   6.2617686e-01   6.3436026e-01  -1.5938713e-01   1.2542627e+00  -1.0116082e-01
   2.0000000e+00   2.0938825e+00  -8.7746729e-01  -1.3903980e+00  -8.7620814e-01  -1.0256843e-01  -2.2027306e-01  -1.0308009e+00   4.8623333e-01  -8.6949891e-01   1.3960580e+00
   2.0000000e+00  -1.3441465e-01  -1.3582339e+00   7.5807194e-01   4.1130679e-01  -3.6919305e-01   1.5737077e+00  -7.4847764e-01   1.6582304e+00  -4.6221650e-01  -2.0276522e-01
   2.0000000e+00   3.1708395e-01   1.0426774e+00   1.2371237e+00  -4.8126784e-01  -1.1879949e+00   9.8369915e-01   1.9423619e+00   2.6527094e+00  -2.9290384e-01  -8.3897768e-01
   2.0000000e+00  -8.1195274e-01  -1.0105557e-01   3.9582703e-01  -4.7590448e-03  -1.1929842e+00  -9.6113454e-01   6.8324100e-01  -1.3275265e-01   6.1327978e-01  -1.6363553e+00
   2.0000000e+00  -8.7291957e-01  -1.9139016e+00  -2.4588864e+00   5.4967593e-01   8.4540872e-01  -1.0088675e+00  -9.8096056e-01   8.1093299e-01  -2.0572702e-01  -8.1776014e-01
   2.0000000e+00   2.8083532e-01   1.2983059e+00   2.5275642e-01   1.2058340e-01   9.0260482e-01  -1.2665813e-01   2.3396364e-01   1.8845418e+00   1.5858024e+00   1.7575190e-01
   2.0000000e+00  -8.5613210e-01  -9.4323620e-01  -1.8597658e-01   3.5456848e-01  -8.7493802e-01   1.3081027e+00   3.9427422e-02  -7.4079643e-02  -2.0449642e+00  -2.8401140e-01
   2.0000000e+00  -6.6265157e-01   2.1582528e-01  -5.5638097e-02  -1.3965641e+00   3.5581864e-01   1.0537689e+00  -3.5945355e-01  -1.4242457e+00  -1.9972091e+00   1.1496418e+00
   2.0000000e+00  -1.2577803e+00   5.7457187e-01   1.1160670e-01   3.7159473e-01  -7.1722266e-01  -2.1152172e-01   3.4341585e-01  -1.2404013e+00   1.6759035e+00  -2.9898668e-01
   2.0000000e+00   1.4742098e+00   9.6740416e-02   1.0488566e+00   2.2303186e+00   1.6146594e-01   5.2518639e-01  -4.4444321e-01  -1.0741643e-01   7.3949385e-01   9.5219448e-02
   2.0000000e+00  -1.2216407e+00   1.2399446e+00  -1.6064986e-01  -9.1552818e-03   4.4638518e-01  -1.1206202e-01  -4.8556567e-01  -2.6957961e-01  -1.4035730e+00   1.0841473e+00
   2.0000000e+00   3.9679163e-01  -8.3575369e-01   4.6112337e-01   1.0516691e-01   7.8165275e-02   4.0678285e-01   1.2885946e-01  -5.7101951e-01  -7.0047526e-01  -5.7187822e-02
   2.0000000e+00   8.4427635e-01  -1.0155807e+00   9.4287657e-01  -5.4760610e-01   1.2323062e+00   1.2275042e+00   2.1785641e+00  -8.8703519e-02   1.2268218e+00  -1.5971972e+00
   2.0000000e+00   9.3739747e-01   1.0250774e+00  -1.9251276e-01   3.4974733e-01  -2.6064596e-01  -1.1742048e+00   3.3763006e-01  -3.6908712e-02   9.7410471e-01   6.1108507e-03
   1.0000000e+00  -1.5614691e+00   4.8813500e-02   6.8418594e-02  -7.2000076e-01  -7.6304714e-01   3.7048868e-02   1.8231585e-01   8.8831109e-01  -2.5161178e-01  -2.0157586e+00
   2.0000000e+00   1.4565326e+00  -1.8523559e+00  -1.2649232e+00  -1.3692122e-01   1.7985855e+00   2.5895618e-01  -6.5641532e-01   8.3158423e-01  -8.3934238e-01  -8.3066946e-01
   2.0000000e+00   2.4787272e+00  -6.2217287e-01   2.4814367e+00  -4.5090238e-01  -4.7121273e-01   9.6803545e-01   9.9392639e-01  -4.7124721e-01  -3.8735086e-01   1.4467955e+00
   2.0000000e+00   1.4907825e-01   8.8483287e-01  -6.3684463e-01  -4.7967327e-01  -1.1820009e+00   1.0597550e+00  -6.7093427e-01  -3.6935108e-01   1.1569031e-01  -4.1927540e-01
   2.0000000e+00  -6.2008663e-01   1.2365577e+00   6.0407265e-01  -1.6275851e-01   8.0625115e-01  -5.7765840e-01   1.8453172e-01  -2.6792809e-02  -6.0979177e-01   7.6910254e-01
   2.0000000e+00   1.9823795e+00  -6.2746070e-01   1.3621376e+00  -4.0785206e-01   1.3753654e+00   3.1769360e-01  -5.2681099e-01   1.8127066e+00   2.3510975e-01   4.9022696e-01
   2.0000000e+00   9.7418320e-01  -1.1909532e+00   1.0514721e+00   1.4217202e+00   5.6018412e-01  -2.7015705e-01  -5.7021187e-01  -6.8803825e-01   4.9294458e-02  -1.2357207e+00
   2.0000000e+00  -4.2092890e-01   3.4794888e-01  -1.2552502e+00  -1.1423986e-01  -5.5163120e-01   1.1081832e+00   2.0207334e-01  -4.9978879e-01  -1.1461080e+00  -1.2940371e-01
   2.0000000e+00   2.6733194e-01   1.2323836e+00   1.0591181e+00  -2.8390127e-01   6.1901434e-02   3.7105387e-02   1.3439691e+00   3.4115923e-01  -9.3728355e-01   1.4636235e+00
   2.0000000e+00  -2.5501059e+00  -4.6972049e-01  -6.2776231e-01  -2.7790748e-02   1.4919374e+00   8.8955976e-03   1.8082407e-01   1.1705999e-01  -6.5864637e-01  -1.1168077e-01
   2.0000000e+00  -4.7308749e-01  -1.8449595e+00   2.2495220e+00  -3.6680481e-01  -4.9491764e-01  -4.8716223e-01   1.1089181e+00   1.6590112e-01  -1.4509121e-01   1.3825788e+00
   2.0000000e+00   8.3757780e-01  -4.7123185e-01  -6.5509825e-01  -1.2853256e+00  -1.0084704e-01  -7.8691168e-01   6.5929590e-01  -3.2310138e-01   9.1240486e-01   1.6077382e+00
   2.0000000e+00   1.4846025e+00   6.9027293e-01  -1.4854864e-01   6.8170337e-01  -1.5127277e+00  -8.2313253e-01   4.1919863e-01  -2.3676892e-01  -3.1709729e-01  -5.9550604e-01
   1.0000000e+00   1.4012134e+00  -5.8846266e-01  -3.3966931e-01  -6.0184175e-01   1.7239747e-01   9.6312476e-01  -1.6794344e+00   3.5572651e-01  -1.0502149e+00   1.3372651e-01
   2.0000000e+00   7.1127670e-01  -7.9805301e-01   3.4359916e-01   6.3157490e-02   2.3876514e-01   8.5828062e-01   2.5417664e-01  -9.0785536e-01   2.4961537e-01  -8.3405436e-01
   2.0000000e+00   1.0211218e+00  -4.7435523e-01  -2.2999388e-01  -6.3432892e-01  -1.3066216e+00   2.0170762e+00  -2.8954305e-01   1.4064561e+00  -1.7643160e+00  -1.4944398e+00
   1.0000000e+00  -5.4690994e-01   5.1449252e-02   2.7814206e-01   1.0641560e+00   5.6899270e-01   4.9431743e-01   1.6655225e+00   5.4763030e-01   7.6997221e-01  -2.5794300e-01
   2.0000000e+00  -7.6661754e-01  -4.9847259e-01   7.3844030e-01   5.7980857e-01  -1.4778870e+00  -1.9677563e+00  -1.6032119e-01  -1.2113465e+00   6.3441715e-01  -1.5398825e+00
   2.0000000e+00   1.3175288e+00  -8.1818049e-01   4.6537253e-02   1.7499512e+00  -6.4155115e-01  -1.8689353e-01  -5.9523268e-01  -7.1094106e-01   4.6865661e-01  -2.0532930e-01
   1.0000000e+00  -3.2353904e-02  -6.5708400e-01   5.9137435e-01  -1.8929867e-01  -1.5544459e+00   6.6054143e-01  -5.1366566e-01   4.2894136e-01  -1.2576037e-01   3.2254396e-01
   2.0000000e+00   1.6677708e+00   4.2508212e-01  -6.3539871e-02   4.1232159e-01   1.1949621e+00   2.0008617e+00   3.7492202e-01  -3.5558755e-01  -1.5019621e+00   6.5394424e-01
   2.0000000e+00  -1.3606892e+00   6.5198921e-01  -1.0725795e-01  -1.4745380e+00   3.0953094e-01   7.8583558e-01   5.1475947e-01  -1.6782957e-01   1.4804283e-01   1.9325712e-01
   2.0000000e+00   1.0987558e-01   1.7532121e+00  -5.1908164e-02   8.4888136e-01  -2.5545220e+00  -6.3565832e-02  -1.8314394e+00  -5.1818365e-01   8.2295082e-01  -1.7220125e+00
   1.0000000e+00   8.9533919e-01  -1.4893307e-01   4.1967782e-01   6.1727108e-01   1.1464990e-01  -2.8194907e-01   2.0927733e+00   4.0890265e-01  -1.3512692e+00  -1.0335365e+00
   2.0000000e+00  -5.0593986e-01   1.8884028e+00   2.1713521e-01  -5.2253098e-01  -1.7544141e-01  -5.3667061e-01   1.7917662e+00   6.7399069e-01   3.3395564e-01   1.4603390e+00
   2.0000000e+00   4.3480442e-01  -3.9290502e-01  -4.5093274e-01  -4.0457755e-01  -1.3717034e-01  -8.4818284e-01  -4.5611923e-01  -1.4206351e+00  -8.3905443e-02   5.9427184e-01
   1.0000000e+00   8.9398592e-01   2.1628093e-01   2.9967472e+00  -1.7097719e+00   1.3191988e+00   8.2294255e-01  -1.4067871e+00   1.7723871e-01  -2.0569653e+00  -1.5135131e+00
   2.0000000e+00  -2.4446613e-01  -6.6086560e-01   7.5210574e-01   1.4298174e+00   1.4813738e-01  -1.7161071e-01   1.7072612e-01   1.0646596e+00   4.8509763e-01  -6.5132657e-02
   2.0000000e+00  -1.8105450e+00  -3.4654052e-01  -1.4292231e+00   5.7537033e-01  -3.0325598e-01   6.2967644e-01   2.7635645e-01   9.3413420e-01  -5.3891193e-01   2.6048758e-03
   2.0000000e+00   6.1503908e-01  -1.4868854e+00  -1.1631398e+00  -5.4457492e-02  -9.7394367e-02   6.5347297e-01  -7.1565616e-02   8.3397398e-01   1.6527254e+00   1.2909745e-01
   1.0000000e+00  -1.7846648e-01  -9.8848122e-02  -2.3710629e-01   9.6362514e-01   1.9271592e+00  -5.9303476e-01   1.7097500e+00   2.5641661e-01  -9.0281582e-01  -3.1060034e-01
   2.0000000e+00  -1.4821130e+00   8.0246934e-01  -6.8366276e-01   8.9354272e-01   1.6007076e+00   8.6228480e-01   3.1882018e-01  -2.5669717e-02   1.1941066e-01  -1.6263594e+00
   2.0000000e+00   7.4834628e-01  -2.8145101e-01   6.4980950e-01  -6.4343991e-01  -1.6623836e+00  -8.2439100e-01   1.6154295e+00   1.3910076e+00   2.5807307e+00   4.7266538e-02
   2.0000000e+00   8.0181974e-01  -3.6149130e-01   1.4872247e+00   7.7665274e-02   1.4274349e-01  -6.5972956e-03  -7.4169090e-01   1.7658124e+00  -2.1743812e-01   3.1922777e-01
   2.0000000e+00  -2.1644336e-01   1.7816073e+00   1.4820191e-01   8.9161681e-01  -7.0812187e-01   6.7680065e-01   9.7824622e-02  -1.8462387e+00  -1.4056800e+00   4.8648267e-01
   2.0000000e+00  -2.6801184e+00   9.8457525e-01   2.3796969e-01  -2.4409539e-01  -6.9568939e-01   5.8948822e-02  -1.3008871e+00  -7.2611195e-01  -1.8271860e+00  -1.9198762e-01
   2.0000000e+00  -6.0352293e-01  -1.5971011e+00  -1.3736896e+00   9.1168993e-02  -1.7810394e+00  -9.0980590e-01  -3.7459700e-01   2.0645055e-02   1.4723803e-01   8.9141740e-01
   1.0000000e+00  -1.4879118e+00  -6.5919906e-02   1.1699690e+00   1.5640903e-01   6.4515642e-01   6.4066616e-01   1.8307587e-01   5.6322419e-01   1.8932355e+00   4.1815664e-01
   1.0000000e+00   1.6546428e+00  -4.5472072e-01   1.4116120e+00   8.5477878e-01   1.4806450e+00   2.7524490e-01  -4.6872790e-01   1.0021863e-01  -1.6105849e+00  -4.0708794e-01
   2.0000000e+00   4.6141039e-02   1.2201038e+00  -2.2794689e-01  -3.5001029e-01  -3.3817310e-01  -2.8293350e-01  -2.0521947e-01   1.2528882e-01   5.0187151e-01   1.3571164e+00
   2.0000000e+00  -4.7669837e-01  -1.8372936e+00  -2.2003992e+00   5.5270351e-01   1.1816064e-01  -2.1142979e+00  -1.8647214e-01  -1.2972219e+00  -1.3741182e-01  -2.6575216e-01
   1.0000000e+00   3.4538589e-01   5.5146943e-01  -1.8171436e+00  -4.9174669e-03  -9.0260876e-01  -3.3082555e-01  -1.8159166e+00   6.6457373e-01  -4.2132535e-01  -2.2938809e+00
   2.0000000e+00   1.5803966e-01  -5.2747974e-01   7.6637730e-01  -2.0113682e-01   1.7878111e+00   4.8686548e-01   1.8552512e+00  -1.6850835e+00  -1.7651529e+00   1.9077571e+00
   2.0000000e+00  -4.7282785e-01   1.5107275e-01   3.5057295e-01   2.3191309e-01   5.3455193e-02  -4.0355885e-01  -1.3924560e+00  -1.0627754e+00  -5.1993530e-01  -8.8505579e-01
   2.0000000e+00  -1.3043562e-01  -8.6087698e-01   4.3161292e-02  -2.2989763e-01  -1.2180317e+00   1.5189503e+00  -5.0702062e-01   6.0470035e-01  -3.7330265e-01   8.6155394e-01
   2.0000000e+00  -2.3062951e-01   3.7009278e-01   5.7504393e-01  -1.3376950e-01   4.2222166e-01  -5.1440827e-01  -2.3270248e+00   9.4839891e-01   8.3088169e-01  -1.1508919e+00
   2.0000000e+00   8.5476395e-01   9.4884492e-01   1.0327377e+00  -2.4853487e-01   1.2963172e-01  -2.1416891e+00  -1.1072358e-01   1.5674100e+00   1.0315060e+00   1.1105488e+00
   1.0000000e+00  -3.8327891e-01  -4.5152026e-01   3.7261734e-01   1.7246268e+00  -1.6330045e-01  -7.1225418e-01  -7.6595489e-01   2.0205731e-01  -4.2276305e-01  -7.1341428e-01
   2.0000000e+00  -3.1727302e-01  -5.6922005e-01  -2.2182154e-01   3.3756706e-01  -7.7003568e-01  -4.1947008e-01   6.4148109e-01   1.4995104e+00   1.5034134e-01   1.0899147e+00
   2.0000000e+00  -1.5286919e-01  -1.2549525e+00   1.9587998e+00   6.6502381e-01   1.0485482e+00   4.2417939e-01   2.0138390e+00  -1.6133446e+00   1.2618669e+00   4.7449079e-02
   2.0000000e+00   9.9054557e-01  -1.0290700e+00  -2.0080281e+00   2.0457972e-01  -2.7855013e-01   1.1921783e-01  -7.2774024e-01   1.6186631e+00  -3.2086893e-01  -4.9626850e-01
   1.0000000e+00   2.4151087e-01   4.8129370e-01   6.9220071e-01  -5.6393396e-01   3.6213734e-01   2.4593812e-03   5.8262400e-01   2.4763711e-01   6.9837754e-01  -1.1717710e+00
   2.0000000e+00  -2.2069006e+00  -8.7411948e-01  -2.1825858e-01  -5.6585336e-01  -1.5503496e+00  -2.7757990e-01  -7.9071716e-01  -1.0734504e+00   5.5366010e-01  -9.3960876e-01
   2.0000000e+00   9.5790807e-02  -1.6073665e+00   6.9230993e-02   1.6573710e-02  -6.5650153e-01  -1.4422199e+00  -2.9793917e-01   3.6289944e-01   1.0277607e+00   3.0008180e-01
   2.0000000e+00   4.0532676e-01   4.0819149e-01  -8.9005804e-02   3.6417958e-01   4.8778795e-01   1.3947691e+00  -1.8191181e+00  -8.5378366e-01   1.2141772e+00   7.6007433e-03
   2.0000000e+00   9.0515748e-01  -3.3576004e+00  -5.5489624e-01  -1.2140569e+00  -7.5871437e-01  -9.5240417e-01  -1.2638326e-01   1.2852082e+00   1.4874566e-01   4.1468296e-01
   1.0000000e+00   1.7524830e+00  -1.0420414e-01   6.9943176e-01  -6.3780632e-01  -9.7879160e-01   9.3248857e-01  -6.9630646e-01   4.6321868e-01  -1.6493453e+00   1.3949385e+00
   2.0000000e+00  -8.5129347e-04   1.4720758e+00  -2.4939148e-01  -3.7415768e-01   9.1382596e-01   1.1975313e+00  -5.8231142e-01  -1.0229780e+00  -7.2801499e-01  -4.1082395e-01
   2.0000000e+00  -9.0641512e-01   1.1986874e-01  -1.1990669e+00   4.4712281e-01   1.2858784e-01   2.1496001e+00   6.8296962e-02  -1.0259060e+00  -7.1739225e-01   3.7840276e-01
   2.0000000e+00  -5.7320392e-01   3.3931483e-01  -6.7860903e-01  -4.7412244e-01  -1.4387912e+00  -5.0870690e-01  -1.8883787e+00  -6.0797032e-01  -7.8304076e-01   1.5773333e-01
   2.0000000e+00   2.1693592e-01  -5.2910748e-01   1.5371565e+00  -8.7236419e-01  -9.2596701e-01   1.3941970e+00  -2.7403855e-01  -3.5301338e-01  -7.1462672e-02   9.0862588e-01
   2.0000000e+00  -1.3868509e+00   4.6818586e-01   3.3205927e-01   3.2018507e-01   1.4063296e-01   1.9225032e+00  -3.9162597e-01  -8.9398823e-01   2.2374498e+00   5.1602142e-01
   2.0000000e+00   3.9222278e-02  -9.2846545e-01   4.5489610e-01   3.4078343e-02  -2.0131578e-01   1.1816404e+00  -3.0989457e-01   1.4586875e+00   1.9844109e+00  -1.9768951e-01
   2.0000000e+00   1.0907576e+00   9.6629059e-01  -6.6150865e-01   1.0642955e-01  -1.6195948e+00   9.6480821e-03  -5.9850405e-01  -1.0605526e+00   2.3482693e-01   1.5570078e-01
   2.0000000e+00  -1.3577502e+00  -2.0323984e+00   4.0359834e-01  -1.5020715e+00  -7.4923365e-01   1.6503680e+00   7.1937549e-01   2.0173246e+00   1.6351288e+00  -5.9413074e-01
   2.0000000e+00  -7.5826873e-01  -1.9311388e-01   4.5403867e-02  -1.4968687e+00  -6.5794759e-01   6.1533871e-02  -2.3309977e+00  -2.0976193e-01   6.6579701e-01  -7.8417755e-01
   1.0000000e+00   1.7264578e+00  -5.5621440e-01  -3.2658705e-02  -8.9448304e-01  -1.9398569e+00  -1.7387197e-01   3.9851386e-01   2.9706436e-01  -8.6344480e-01  -1.2335950e+00
